88
256
305
257
458
274
125
270
171
414
196
265
319
483
1
51
324
341
55
439
221
212
192
459
115
426
496
431
40
205
34
43
327
191
410
51
301
171
497
248
493
205
59
35
88
390
314
356
21
367
486
20
18
305
482
376
263
258
430
286
376
471
427
121
158
328
13
178
450
31
481
246
427
162
26
494
333
499
214
138
341
288
317
32
427
127
435
465
489
283
409
114
364
312
236
264
144
277
450
409
355
307
344
167
62
23
356
206
241
244
462
171
369
371
301
442
281
439
494
149
91
132
93
423
476
485
90
20
238
312
35
88
7
31
13
103
158
186
110
281
5
8
439
71
261
486
180
416
41
140
75
38
5
324
456
49
180
70
343
288
8
446
473
191
284
426
257
412
230
319
301
346
186
339
105
40
492
268
370
316
64
70
377
139
266
146
249
177
314
247
6
151
325
273
177
445
458
285
281
99
354
190
110
117
20
251
271
415
443
335
118
328
320
482
276
245
48
40
374
182
262
218
205
451
462
322
264
65
286
485
168
229
416
17
139
26
121
49
192
416
166
303
20
319
304
177
405
226
281
104
176
264
273
36
102
345
253
62
295
233
393
456
415
480
144
69
47
173
197
372
168
380
481
195
468
70
29
231
450
476
84
170
354
184
174
56
123
248
8
377
156
440
23
230
110
298
233
39
163
64
144
22
218
32
248
259
447
257
292
129
362
41
167
392
385
87
15
312
420
229
277
430
5
253
344
273
446
262
404
202
6
322
260
169
345
131
383
484
29
135
80
71
59
97
403
391
86
298
443
185
209
41
463
205
371
198
128
381
24
36
172
55
33
323
174
194
33
256
317
104
86
352
364
205
169
439
361
300
480
488
358
173
397
238
353
415
485
129
256
29
69
222
227
353
421
209
454
276
429
231
387
291
162
40
314
490
59
55
72
369
339
60
190
74
154
137
109
493
38
397
290
471
180
72
117
133
21
407
127
339
500
348
58
14
418
198
60
44
460
46
347
235
283
334
339
315
121
24
129
77
499
69
104
9
467
224
448
107
289
294
102
243
125
253
205
10
431
263
272
475
180
70
424
453
464
14
54
463
130
151
197
71
95
297
103
79
337
344
152
403
149
402
93
338
385
334
134
257
356
401
21
129
433
410
259
180
406
356
6
297
13
11
31
235
363
482
368
223
445
83
109
193
132
249
135
301
229
116
33
488
315
309
274
305
14
196
495
242
230
424
447
400
185
405
439
306
81
141
419
492
303
41
310
429
209
194
219
24
38
172
369
93
342
176
158
495
199
285
245
238
189
315
476
139
496
54
354
461
198
263
224
368
425
216
29
34
136
305
170
116
169
40
232
395
437
266
193
129
303
448
248
140
467
146
292
62
121
81
137
229
432
486
190
164
316
51
50
466
116
167
284
499
464
411
105
19
469
299
156
299
165
257
140
165
118
77
350
438
132
234
196
104
21
299
456
458
376
103
269
319
140
314
10
81
19
371
269
7
205
280
190
204
466
487
459
149
92
396
385
131
39
268
351
281
276
472
225
395
207
188
419
78
175
49
304
249
128
457
460
460
57
98
188
147
245
301
135
485
243
149
269
344
468
204
44
148
451
152
34
358
118
431
409
463
436
88
163
237
482
402
261
349
327
359
177
45
149
106
237
10
250
181
480
224
153
370
363
26
213
48
263
469
383
157
197
146
427
83
392
276
310
196
418
119
272
367
424
386
318
145
429
429
438
407
224
484
281
136
48
114
147
456
81
319
226
61
500
452
443
71
263
258
332
90
167
190
286
266
269
37
362
140
484
207
277
381
335
129
371
169
144
361
232
443
392
298
261
52
286
234
184
162
202
339
118
29
281
438
182
199
157
90
220
462
271
308
443
129
150
421
108
416
184
83
79
71
145
230
312
288
397
156
59
9
123
249
66
498
255
255
438
282
22
213
305
259
287
420
448
392
300
60
296
16
144
34
410
474
316
37
347
201
146
52
219
457
97
250
147
402
375
137
130
27
437
234
117
175
459
311
41
158
117
437
80
262
173
433
306
2
126
500
339
240
457
68
37
268
352
358
370
334
51
115
129
226
270
289
325
485
405
469
235
446
219
137
351
469
296
335
324
156
212
413
43
271
451
236
321
128
17
58
348
176
123
153
266
424
421
284
235
246
235
338
224
87
280
136
275
158
37
469
293
491
270
375
480
269
145
61
214
73
198
407
451
424
75
293
464
128
307
428
136
262
218
488
25
165
84
438
61
99
226
48
495
498
284
248
428
239