62167
34155
84976
93772
18613
10010
98338
75730
86157
21403
55419
65608
69847
43610
23422
7396
82689
18670
92021
59558
61607
59277
73875
39174
96692
22404
88666
68563
66918
52858
42209
35312
65359
53420
21054
4097
96395
51303
63913
49730
5926
43258
36366
20353
42307
19800
9141
27531
14408
21995
33202
90526
15798
25438
50281
26138
93505
27720
1243
46365
93135
94136
35398
58827
21707
53808
17552
92340
61888
22578
82880
30365
24922
36367
98097
74252
89945
39817
21935
20503
8179
43663
85232
80072
91555
11949
88204
62430
58562
85606
95815
25583
27974
3351
2164
96635
79227
16022
83011
60907
78354
8763
37922
38101
77014
23064
29726
58918
69262
95040
3796
18606
57954
50325
87014
49552
73307
55247
5826
35181
17605
42285
25827
98518
77560
28637
82039
23945
6652
19895
91628
5807
45857
34507
9166
48568
92755
66935
78830
66229
75091
251
76963
84898
67101
59157
19707
47432
44496
18656
74313
18589
7097
92294
20070
49293
85172
94837
21704
29648
78847
29875
23866
20
77086
17562
70151
14807
98453
52448
3348
78973
15530
82687
10770
43714
89293
52035
18913
45998
2169
20880
71714
71683
57436
3579
47387
65486
83848
5834
93655
53844
17603
11745
13027
87692
10920
39156
80254
75073
81015
33939
99097
36415
86061
74781
96709
69250
80501
47263
4980
22739
5921
73295
20801
16316
2051
38298
16032
42767
38979
66858
65248
94625
47780
10092
55772
14462
48396
70916
97927
12890
23388
27976
34656
78143
65415
23726
33471
61588
48235
22054
76991
139
14396
66114
80378
37288
12288
97772
87314
94072
85909
47330
56643
11916
44726
30575
10807
74911
42524
54978
72539
33804
50182
83702
60169
66488
87435
25525
2215
65260
11868
51385
37094
78446
81300
40425
23942
64278
16063
60671
53157
44404
45578
4363
60004
38174
68044
9564
66981
2260
72192
51667
64394
33399
42983
12590
90465
92873
19033
22041
57578
49879
56237
4155
40232
67458
74202
9370
44961
91578
18789
9086
69043
21117
21134
83806
59776
96812
19173
55274
73056
14750
41040
1191
60510
83755
53964
51127
51149
30791
44396
44301
64842
68301
90150
10502
82872
46737
23453
3586
45714
73938
38223
65320
41985
82775
53347
84574
88640
44399
19693
14898
8168
6294
8994
22300
59302
45591
72242
52534
47142
74449
94634
49122
73415
34000
61111
20354
94935
13129
58994
4408
26036
46139
45426
11840
1493
47140
9288
39765
27708
7202
92112
78073
56950
52527
64242
38327
86361
83481
58300
23805
16798
17062
6425
33866
5274
25952
54822
12995
56093
35703
69105
94766
38828
44951
64453
67170
5705
70033
2441
48951
15780
28431
5070
64325
56391
72634
51150
76560
62705
26848
65430
269
12760
87767
10775
78725
17606
65424
78093
5296
74626
92581
44714
26732
36410
29127
36873
68159
75911
54797
70761
18087
46891
11925
51523
34167
14207
83889
25197
98470
66070
41779
56733
11941
55871
69479
66379
72354
44944
20913
40828
94589
18395
36706
1851
77498
40842
57884
62414
37517
25822
39638
55543
92029
18063
63434
83583
20285
47624
94242
21353
32803
22559
12988
9817
244
42742
29282
743
45030
14729
89559
52991
2881
8099
61967
64632
25964
83101
4841
39754
78745
4653
56491
46224
40804
37099
71402
55791
74783
25338
35527
19507
78554
33571
75485
51617
76385
9500
78373
66119
69812
67022
21243
55468
69400
77377
72902
35281
24032
39308
1844
4500
81475
89952
42359
54935
18321
70084
15931
35421
80873
81085
29849
3582
88183
12292
72649
61361
97280
76106
7480
44003
80685
77908
48301
92094
1602
57405
91323
35429
9018
40299
19096
13658
12237
11981
6606
23645
69245
42816
69864
4598
93448
3906
53329
5357
82079
62249
98046
21106
65665
40968
66027
96025
64425
98070
84931
67780
66082
43787
29417
54666
6074
30077
2522
24529
56549
89564
89327
401
43371
22432
34933
11568
29432
5040
14810
12498
83454
35515
51585
19463
10131
14322
36378
94693
13456
48445
58350
96085
22534
68933
2527
50873
87606
97460
2970
37864
11393
33469
82672
41636
30000
96485
75684
77712
80005
1961
40045
75307
19876
35939
25446
31585
55258
40818
27680
64777
40725
69317
46056
73187
43404
85967
11365
8139
73502
38077
78351
6912
64605
78805
71489
94072
67839
10532
56103
27221
91558
64004
25136
56927
24184
4866
15716
61883
81358
48499
46369
96532
21907
33350
53295
81697
22910
71831
50052
69839
33006
94990
52415
9629
72064
45409
12061
35201
11409
9982
41778
61710
59384
66455
6515
99150
39455
21389
3279
28225
40309
23258
65308
54816
59235
70764
96752
24101
91078
79750
48867
45359
15145
13967
77195
7380
85222
57763
14522
56834
24331
62264
57078
98067
65967
48775
48074
76330
19622
8413
19327
72928
4100
48919
22142
57546
63835
52090
35028
52212
97014
73231
3272
35505
29336
95246
7299
11187
29583
21137
91472
28986
78165
23619
71200
58108
63364
71601
46642
7385
88649
45879
90589
81368
42588
31439
77916
78748
355
99852
32226
38897
50111
59815
84505
51187
24470
38888
93840
57321
13286
98503
99339
49210
19394
29852
25743
19497
77940
54114
58585
36615
80403
24261
31210
87181
43892
42724
66230
68858
51292
8022
11552
25184
98581
98340
88837
74167
67145
70263
74401
41356
53010
34985
41027
52018
32454
19550
57480
74751
29745
82435
16303
71466
32600
78940
15117
23235
64029
20227
49211
83269
47403
86248
19793
24904
14780
24738
70338
5450
62703
21479
12853
50670
34572
1209
35085
45766
94070
51198
25295
7641
59156
53622
96873
93511
48245
73495
23751
30244
35487
80796
81898
4269
42075
9294
73626
66881
51895
63315
89128
28620
18189
65265
88978
74552
58879
71041
93618
91764
5847
56182
34273
81876
43415
56608
16575
73471
31196
37489
68553
71423
62631
2924
80671
9729
88599
19963
63844
81508
46809
68362
22148
56997
64410
74694
3490
5384
35072
37912
93064
1007
49564
5472
4943
76216
54000
92504
3882
59864
83128
52729
95203
64045
51227
10226
11454
27870
24597
22254
8678
15447
57072
86496
61424
94556
36839
78697
78026
74487
26167
64858
98530
90064
89387
37906
23967
19226
61347
43484
14247
83965
74091
5711
92442
24573
14249
47476
97811
53774
87824
49817
49354
53854
76405
88306
13474
87842
12543
41073
57685
20328
1737
68787
25231
82785
86036
80085
99060
55042
6636
28442
27682
29801
10307
84622
83921
69224
40517
48834
42069
58054
72634
59715
51909
55261
29782
74597
25303
9476
46782
18770
71762
26772
12964
80997
95530
48548
64378
81239
95240
14316
1451
46975
80351
77767
12411
17566
98035
16785
95144
19591
30098
50603
68337
90311
39842
20517
79527
9350
88665
56933
83872
45655
64652
19795
62957
8334
42830
33782
63789
33975
74153
39624
37547
74693
73851
96314
32100
41410
24058
79920
60167
84546
3872
74258
49422
10032
84954
73587
86371
39975
22120
89745
49195
80133
90554
58736
77793
42763
24124
92731
83023
38023
53481
1460
51652
56224
91599
63468
71642
47041
98929
20189
82894
68889
9442
43121
2094
41083
68702
15488
92078
14308
95993
18526
5229
60683
85581
37024
48501
33969
97889
63018
17779
58579
46939
27842
93672
93987
71130
59055
45181
67860
87270
37824
94105
49822
35232
52495
51125
63980
79339
33897
14557
15497
39764
77301
52038
38845
16139
66806
23467
81562
73969
80452
27788
73274
29374
5774
26693
88996
60242
70758
62928
48703
43085
22327
61657
89412
2156
88747
51792
98115
8853
82417
35701
4986
663
30367
6704
97664
74562
11285
47097
15981
64949
52015
2777
19928
71981
52430
81451
82781
45813
63527
61597
37154
87061
17903
76276
4259
44772
95556
25807
16193
60723
92447
1429
5955
57016
84638
62377
47205
77278
2879
92833
94528
94132
92194
77327
66780
43676
38065
61706
51217
41367
65016
80376
24189
94886
30325
39545
93189
6289
68208
61077
29127
16333
27106
10049
16025
29253
47244
80303
99275
83049
83904
40990
98695
70119
77453
78927
61101
19084
17011
17257
56151
49391
70680
74460
33350
86189
62389
7289
92418
9620
86954
19213
65133
57573
67752
64961
15186
95925
71955
81383
87809
74063
25103
87899
8685
10660
75573
25618
98987
15972
24624
86136
33736
6830
103
36088
87304
94151
36769
6563
71213
50340
56005
85286
30701
3079
7454
89974
83543
22499
51079
34973
49535
14100
11799
85256
95959
41881
10676
82111
4459
64566
57191
59528
48718
68743
88333
75882
20092
23553
3872
82852
81910
76944
27781
11102
21489
3612
29180
88678
93345
10939
62027
13851
23974
90268
44905
28177
95894
23004
18168
19038
99565
62207
6521
44850
22757
14923
59368
57131
44521
8731
43615
13331
3589
78761
85599
88768
70656
71339
10195
56854
75937
8482
10858
76878
26844
62539
4596
33139
18582
82382
59269
46058
46699
3360
5976
85082
91608
56190
3117
36492
10176
97283
88042
86939
50399
83554
45252
5271
50678
9079
57655
53155
52024
50169
86087
77904
32041
30995
53709
25535
77121
41477
38082
65531
24668
39264
97382
48573
69760
63918
24108
82598
2329
92436
30669
37857
40900
62318
32292
30396
45101
55155
86353
28335
18562
4667
16730
91462
67903
28784
40728
11465
3148
86145
19162
93710
51889
90607
14736
95261
14526
93650
35291
6352
67607
3230
99834
31929
80547
11931
24770
99030
49890
62707
32625
77986
38088
21213
47162
64114
98719
92118
30880
79365
82177
97681
23264
58316
83039
98784
23634
44494
60316
15876
7840
7318
51107
23806
96791
48346
7329
32048
69008
89382
31012
88268
79421
90932
32737
64071
65337
82953
95403
73143
4769
91823
96579
6465
40174
52312
37784
8009
92161
66083
74515
33261
90294
90665
52614
51827
21136
37176
10476
42730
97168
73305
6190
5060
1303
71589
33644
19114
80533
99079
52763
62328
66027
40062
73964
16210
47116
22473
39775
52678
57522
97777
70274
92694
12532
40352
79667
65048
13240
71048
36653
57585
59957
26149
64867
17693
94508
41229
41902
97416
40554
63906
78613
41018
76873
34616
29456
8170
13239
1584
39877
44488
41056
42602
96896
19813
91619
47950
65496
87727
13580
30790
24438
69099
7587
77142
60599
36539
64216
98500
93434
28302
85128
60494
28726
35941
3212
33079
96590
34035
56547
18682
68070
62730
92602
36810
54461
64455
34678
62465
94285
94890
52005
95100
82277
60568
16217
88614
9551
10523
99492
63429
3282
93975
99465
37307
39806
70996
16604
55460
15713
28647
91893
97424
37610
29241
35502
80897
30372
96541
61052
77822
28
7814
94850
60082
71507
28349
78561
27960
52625
48553
42682
12279
68096
16837
40436
44922
51988
86044
71028
49550
88663
65041
37441
84569
83068
52225
30649
47519
84836
18668
52608
44341
53969
12569
29219
23883
16712
58450
45594
22141
43670
33978
97620
5009
74730
15288
27958
54134
53616
82864
37902
71533
63540
66112
61981
68339
40090
81392
86094
30342
6516
61053
87404
33512
98952
14130
55634
70018
33452
75586
65431
38389
68977
41636
31979
78421
46945
88106
17644
79666
51606
34390
56684
98761
71139
31918
33918
7628
54703
1006
119
6865
26209
39351
33067
53146
3299
15873
96995
7030
76755
87046
15483
47390
30638
94126
17583
9682
24030
38796
2089
73236
19386
9540
84924
19072
99368
44985
94004
66845
76918
73318
69564
79106
32617
30477
33742
13328
15252
56959
1502
88284
18820
25864
84611
69023
89463
50986
1092
99441
55333
5796
53002
71998
47881
83189
95994
16386
45787
59401
56102
68897
96235
11504
70932
18498
22092
57421
84814
47900
4380
91362
94804
36336
70468
18072
48779
71059
53432
20124
39221
4813
98561
28634
97516
79927
24411
74721
86300
35420
16718
67592
31161
16679
60158
85268
49322
86203
54462
5062
33637
61582
6745
52525
76759
12064
58577
15200
13003
76962
10066
94784
73115
17746
57749
95050
10019
72220
26217
90288
40823
64479
58843
31288
82332
41918
38656
25209
49525
28009
12756
58208
11830
45476
51434
20725
68684
33637
58033
55907
51677
80817
63439
94290
41055
55651
16300
96630
22465
10115
77960
29097
32509
98943
24164
25824
62231
41159
51626
38272
42883
31280
92663
26549
65576
2064
99760
71613
63301
45892
96040
8540
9759
86232
89955
75593
71092
38343
7219
12789
36285
82921
10080
60676
64299
63939
24201
23779
59387
80309
6756
76019
80775
60050
63554
36390
3462
59922
2045
8110
33074
83258
83717
52426
6806
98228
54071
15707
95680
74073
78862
6561
20490
35624
4348
28491
51283
90401
60765
88229
91849
76774
64353
67470
54813
42895
35689
73175
45580
49115
90251
84344
23251
34258
76006
97773
59785
84206
33346
73618
11388
27764
34572
49120
64644
35338
88462
22574
86090
64691
61261
87078
33488
5206
45077
86506
99584
28348
15107
57056
78990
12427
51239
34870
5932
41603
87096
90856
72829
95604
53743
85696
40635
17969
68781
81870
5488
31304
51368
29583
5788
37499
7960
97087
47126
78655
47814
28866
75343
49663
7835
43782
67932
86184
68240
8223
64210
77168
81387
23090
46142
20435
56919
55602
54213
9222
81920
56158
29187
88234
60662
78112
8038
45579
19470
94894
99874
39131
50659
87747
64483
46015
27872
15005
82908
78729
15552
92382
76083
48658
26375
63656
16086
41199
26841
7524
37018
35621
16347
65003
26246
16863
55869
36525
35514
19157
20492
11983
83000
67963
44334
9942
3645
61993
79961
31718
56595
24711
93631
48980
59065
84260
76229
1354
75792
59363
18981
66613
11982
79393
63877
7929
45532
15231
38788
85908
99420
66517
36993
85985
29292
68834
83515
59410
683
32151
1505
21829
70195
14004
10370
96716
29698
56897
49987
15473
32237
21755
56548
61883
33085
38687
47108
43106
25290
14691
87789
74836
91775
48290
20317
5066
44288
51973
22162
19443
23684
28806
58020
63271
15358
84274
58609
26136
54118
85363
5786
11207
5194
61632
21472
31224
30406
25980
76604
68388
61391
70041
37448
74888
59015
84287
65713
1292
57724
74380
64806
39324
44473
67854
44380
85813
75116
65088
4598
34033
21989
58445
19476
817
40941
5448
84623
52337
15285
52049
35322
16264
59386
92393
90138
65588
64175
99718
55453
4684
39086
81662
14031
69229
3742
65470
48878
87143
75280
72680
3865
39127
4888
65894
13564
44818
78707
41381
14601
8434
53729
63411
91627
21324
24180
85069
95405
43386
85739
74679
84328
32701
94228
72123
17651
55178
88627
19353
65850
18917
68060
44543
61955
98005
34267
3249
35126
53871
74791
85301
35946
12598
88849
65942
52775
93989
25437
9762
11397
4084
81017
80124
91494
80655
29671
85160
76220
3119
61700
25916
67177
3159
24308
24795
67897
99649
8348
83494
96732
76521
72022
26247
73804
93170
36392
10357
67346
54417
54073
80747
843
27645
93323
7889
4682
53392
13736
28521
62726
78388
84062
95537
1012
12369
92175
76898
62099
63865
96735
7006
20342
31375
55867
63757
55559
10751
12988
23829
73475
79831
53815
97896
51157
27003
78372
66873
82170
48808
16883
61794
29843
46219
79796
62140
18482
88300
26152
72266
86906
92514
46010
94755
51321
19003
32904
64379
39706
34298
29484
22278
77790
46131
54933
89927
76910
4793
35000
518
34492
93260
57268
41138
60002
36504
52970
18525
3585
59285
52665
47051
60217
4925
24549
57662
53594
80910
24623
4892
24312
20086
69820
23502
23959
11622
16118
92336
34427
29875
46795
49512
59876
61185
96188
80352
53569
50863
64500
58337
99113
41014
99696
19779
91358
14130
85627
99755
44621
8639
21580
29013
45573
12318
24817
77812
22329
40368
55663
28943
12636
73802
86723
91632
71748
99854
70819
53639
23569
93971
59395
5312
49208
49462
24287
56984
98168
60622
40477
75588
97653
77685
19834
14089
11386
33458
85454
9610
18966
49391
51453
1091
88909
1792
57782
94421
18985
16466
35987
47554
94392
11695
36622
54085
84766
38869
49326
65988
13223
20398
7185
34756
35883
58460
88122
90540
86214
43147
86652
83476
78410
90008
72943
70588
4978
40116
30839
46163
6270
415
53281
56333
74366
75234
74785
46272
3554
59019
11700
65282
15924
33568
4234
63247
11367
97146
68579
28916
64328
43897
89162
30866
96795
76754
55781
14147
29040
84193
93044
94755
67478
30476
10221
10150
30948
14732
38663
91117
12825
61722
16661
43882
4134
95838
63780
21598
78720
71217
27565
70136
2095
72280
64636
54842
12695
30134
9280
18760
52979
23598
34203
7908
97643
25458
70726
75643
74997
17574
90996
96426
95004
31565
875
57879
22999
50891
16790
47944
14046
79512
46552
4676
33299
90320
48811
23034
29378
13594
40776
44714
89718
11665
18097
83213
99974
97354
37573
66159
64468
53119
38620
59472
60200
28301
65623
28946
36983
63657
75807
50913
91607
4176
70615
56089
18569
53528
62289
71937
45790
96383
11894
33160
10648
43845
70433
1614
61433
52198
50626
84580
50804
44309
6545
31714
58971
25787
44888
7992
63590
17506
5965
58308
69805
22949
70601
85479
61297
96134
69655
37506
50944
83040
48851
17560
3447
47454
55071
64902
59488
52050
76766
3909
36632
58319
46225
51090
97790
22733
38966
3907
7317
9540
24651
78072
40832
90896
65346
93992
90357
83779
29219
84042
65027
62333
50221
55481
48852
72210
20923
16221
70209
90654
26826
21434
78779
71855
92422
53697
54333
98672
61989
62380
78201
629
93718
55531
87020
46632
34621
61895
41312
89001
54309
37594
4681
29383
92929
9901
37180
1952
2078
41552
49443
71249
396
65149
65015
61752
92235
51857
42590
39820
81993
21021
52918
36110
9650
88135
86416
29908
99651
73679
5892
46856
19673
69032
96001
30492
4588
14712
45217
97634
26682
95579
83635
44380
45158
40437
64906
99062
5640
63169
58342
19780
92412
27498
80143
36860
2153
99949
42983
10861
52872
43006
9588
41364
20756
28271
72458
15595
99387
16659
2095
24213
40858
92358
14988
92341
69180
58220
84651
63682
49291
14749
3911
8910
78230
43896
24761
91697
82040
24461
24439
83809
80428
84986
20331
72844
46306
58398
9691
54331
19274
64306
68501
71604
21115
23195
95710
87577
90168
30361
41348
77758
36739
50406
46333
71769
72756
46363
92642
58723
32283
26394
59066
58408
28090
50564
82283
23383
23552
23505
76169
1181
14097
3463
5908
75235
91283
41671
64048
36381
36356
76596
76357
1202
25668
62194
47228
2233
40431
33539
78106
85941
8984
51937
83692
17072
1616
6858
28395
80391
42622
29286
19299
83891
61042
25681
34219
13254
58265
79778
28902
70704
41548
10998
65609
34465
7291
10732
39602
82019
24201
71546
7209
91096
11835
35548
15062
95458
27621
65336
97992
33521
13563
60249
67293
91616
30877
12903
95928
49328
27181
45151
98040
88535
46878
21547
52608
37312
49154
66289
60953
72871
34428
80172
44054
16857
328
55441
25143
40608
3012
84467
98053
5406
4053
65810
84733
28341
38373
55766
54541
92559
88806
51530
51107
28011
25510
42544
26265
71418
35265
20227
89873
16104
49527
25644
88896
62485
73789
84081
86469
69514
84507
43493
16516
65057
85881
82209
25953
24637
17710
66616
89174
93754
88879
90370
50595
35034
57052
51304
32016
22265
35829
68731
42844
3743
28560
3829
46182
44676
17075
74397
24383
21136
85498
89151
56352
41731
83789
25465
99397
86046
22161
96626
10872
72563
50881
11989
75885
3520
98609
37113
31730
7182
2263
99238
88620
80314
43831
21135
74575
6083
44140
41742
64739
52468
40543
66247
55400
31844
68653
27644
49138
23541
35254
90538
30060
98437
48583
90627
28033
27004
35327
83642
99258
56940
40402
99322
91448
2604
78046
20733
33522
35407
45569
95894
30604
53411
19859
26782
52854
7053
93001
29435
74976
31522
18876
87814
8886
15196
34077
33108
18570
97911
24103
97072
33108
35792
52414
81445
21956
63858
17500
56676
85172
35157
60799
49447
75098
55272
74096
27950
99628
52122
61007
41558
24468
95620
89233
62904
36122
66594
87678
3023
68180
66378
33653
37800
93804
81201
37542
61033
97363
9359
24168
7647
62468
19128
1425
5132
96815
65239
76157
31915
79316
69001
9392
75141
41113
38330
13640
14584
63104
39484
53631
39632
75914
93608
74807
81968
39731
80770
32481
47670
96061
502
50075
84024
54182
19340
52153
39176
74260
65983
26785
83077
58023
45849
60744
19307
55972
77313
30295
35020
31344
70096
52590
88359
56385
72078
91753
72806
31929
95527
96516
33527
64183
39902
20676
24647
39564
28002
23872
74435
13815
57437
48917
57744
74094
85566
97502
60150
12329
5520
86350
57172
37865
75459
28400
81534
71032
26469
3405
99333
74932
60234
26364
82889
67338
60957
93843
97984
4984
93182
78071
42645
36634
77812
9076
51869
20739
86338
71385
93955
94408
451
75162
41753
33374
60321
57898
92970
80406
39310
48835
83364
1867
29814
49359
8974
75319
66297
34909
93716
48983
1586
48686
11907
4365
19422
34508
75502
57914
14271
62919
29
15789
1979
49729
3478
23243
80888
42991
28868
93739
88833
41311
60552
69418
599
88926
82436
51
12482
63370
86158
42367
31936
53186
79565
47026
12050
77753
15919
21370
42356
35177
54033
23368
25975
78226
4665
96483
75256
71720
57787
98922
94129
47653
55694
2621
35546
2058
89209
30863
11492
77278
84007
98033
2953
75436
76249
54859
1534
94743
52130
35662
16029
34252
99727
89083
81319
1146
91454
31130
98388
29503
61196
13916
72973
29637
86293
26850
95659
90130
30895
49853
62000
45399
32083
78316
23065
82116
79901
64257
42963
28124
27245
16639
563
35169
72667
80250
3821
7314
43061
33003
71944
61428
66111
55597
74535
12240
94349
96856
88216
44208
93678
4554
77817
3527
96341
54232
33685
73715
17869
70750
68900
5482
36646
64284
1224
46996
3321
84237
71809
35903
97403
48965
35036
91486
52277
70202
58100
86490
33957
4490
78116
90667
56701
45599
32653
79158
3118
14070
44402
62283
61935
85753
33853
41279
85813
66430
70216
53788
20698
54028
42534
96555
52236
38563
36377
30741
5056
79442
10266
57465
70644
83173
2084
44770
11848
54635
34070
81499
58794
83704
38713
11532
38792
71712
17026
98830
83460
53798
46824
94588
41020
89807
48919
58185
56148
21125
51953
69042
13586
20138
99842
59401
58631
60405
39748
38533
86316
82075
44131
82076
79509
89784
2569
60042
91289
28048
86562
17662
86245
32452
56143
79460
23327
37675
97919
88712
74880
70447
29042
98743
6613
21424
42352
30202
49764
3736
95070
58552
62532
87994
16092
62290
33059
43201
6512
48863
41671
31031
25014
57272
17356
89665
10253
79264
41922
93349
29020
92439
3578
15259
8551
41750
19620
82891
5851
34902
26679
53301
40746
18855
49200
11941
53961
46825
63078
3879
71058
50962
73347
66314
27070
38170
85476
95591
38314
21612
92173
43035
96199
10178
68767
50932
84883
4822
93281
68993
9879
55052
53566
50235
40051
41449
62570
63586
69238
77810
64233
5556
73590
87698
50112
95160
93240
30183
48690
91210
21176
15449
75462
5625
86465
39717
85597
16706
78489
5441
19645
20612
18986
99844
1377
82606
39833
59117
83189
89603
55837
43550
78809
97520
98343
34849
72495
44535
45320
34054
38570
76284
53209
98707
39257
32039
23098
67675
56276
85201
35107
22201
85067
74350
80965
57066
15667
51398
37215
93892
869
31228
5913
35449
16685
73287
57183
16735
11510
99847
65919
94044
68858
90494
63834
71719
55632
58822
54941
48863
97839
20199
53460
3789
87466
16028
93082
62336
89508
73645
38576
18932
57710
80773
33133
87830
60920
44695
16132
60632
70732
84007
41521
54165
19533
33557
71419
20287
60808
48059
85808
4662
27762
83504
33473
26835
94886
3352
88797
83095
87009
35301
15009
24943
49329
71379
6398
13569
56778
56921
69406
37208
39803
67536
41846
20333
41015
43354
86711
7735
70849
99722
70128
65669
53519
92240
56583
94225
89905
51286
38352
38839
84473
75442
79422
27480
97775
53101
72438
58051
35673
15413
53916
75260
53325
67678
47974
25375
85314
32157
18975
31556
67893
65076
168
3348
76562
17001
63248
98587
6165
22336
20623
18654
11050
15275
87196
34482
31123
29759
52373
4365
63691
54413
37712
93267
71575
75511
9993
30825
50031
9497
20799
55320
4957
48157
46349
13192
3768
15319
91826
25182
8766
64166
56789
49212
91657
28883
62330
37479
59041
75524
97245
49386
68184
56918
13131
65643
4679
91270
91427
43062
68233
59320
27118
67339
3959
45897
53316
41408
88639
52502
38508
53364
83597
9288
25654
78731
31937
69563
95016
2658
80118
91376
67111
74088
88653
98085
9945
3593
81051
34008
5162
35643
66819
46376
89045
99231
97116
5183
75019
49548
12131
89372
59933
48170
525
25532
83430
96000
44562
22122
4965
19231
77558
9903
79492
43386
94368
19585
66583
15970
93983
62902
16104
3092
14182
49550
11681
85375
13596
64248
11998
44379
12143
66094
92188
80983
30118
51111
65493
81054
82127
14596
94203
86215
78296
18923
23182
15043
54526
7003
67388
44919
38002
73519
3655
26915
17852
61384
29508
78784
24521
49851
14556
28848
25542
7012
69471
71189
30156
8250
26953
69067
98756
2432
666
99291
15255
96771
39181
69786
23031
10594
47226
17965
50449
14653
74104
55212
69123
62726
23221
77775
25373
17369
35101
79015
35613
4981
63513
61280
9371
75126
11131
75469
31557
32899
93951
44266
70043
24220
88945
87486
29012
41876
93607
78947
39734
63366
71491
50145
11562
26099
96075
61023
78503
68265
62784
95494
39525
55841
23806
22147
74213
71932
8433
93769
52350
8517
64688
99342
44636
64706
64654
37347
61859
9860
36193
24458
4213
20248
8658
30386
24353
23337
31151
21944
93371
47327
75973
26900
7028
41037
74795
47590
14946
83412
84834
66951
13863
22782
72401
3619
41945
49302
64122
37468
10601
72666
1305
62499
36396
529
97458
67730
252
54257
85086
92681
50561
74771
68668
64047
74702
42826
6645
85409
24719
63389
28201
31133
28973
88543
28655
73711
99901
9346
81642
12255
21050
65892
94215
7796
79702
67820
44364
24390
5535
21252
81630
68303
8639
24570
56220
61617
19127
552
7741
9980
93712
81584
92839
21105
65702
32794
73242
22850
10507
27668
86134
34295
53276
14875
85632
8864
91687
5285
31696
98166
55033
35899
98143
4556
99854
87262
67746
96823
74176
88308
78006
88178
90890
93474
6238
1883
24914
21623
33467
40545
9619
62840
70433
21155
15690
42980
68865
53856
64946
49103
37606
97081
18137
30681
21359
94207
704
57886
34210
98629
78335
10833
12579
61949
11218
21592
9186
52218
68150
41845
96752
86344
98490
32152
33383
43144
79512
53045
29082
58247
48689
25552
15968
92363
25462
86038
32647
43690
69695
96671
38069
16564
66207
20653
54650
39817
18709
16795
82380
75714
28429
17859
27372
8172
35253
4720
85972
29227
20569
24308
56283
11421
24802
67111
77657
72891
12670
68520
10763
15712
83069
92047
74108
54823
251
96438
16414
90318
84031
25331
77974
95402
74083
16514
37107
52652
6564
70279
76720
14246
25769
3619
22691
31559
57961
23900
77921
68208
82538
96525
38784
53884
42640
20517
41146
69284
956
29727
11245
90179
87011
55917
86562
39335
94652
81352
8565
68319
22508
19608
79643
89266
10003
23914
7267
30894
98332
65328
87167
51842
79705
11643
44741
33732
15928
46685
24513
4462
73123
62920
63065
24301
62224
26185
70604
90229
37701
97315
42211
52978
97956
28663
7392
48994
43786
37122
52582
21707
66273
43664
52503
38915
66287
28675
72007
32716
43788
56001
94438
60785
29348
98947
52682
98060
28231
99468
97531
25177
30295
48639
4929
68403
23522
44388
51843
13412
1024
31639
93145
7975
6323
84075
43105
70613
88061
20147
41209
64440
95405
49361
62831
11687
99769
6689
80208
77409
95510
9858
7894
40920
60415
49165
99661
75296
96441
93901
2379
98378
60231
84693
17
26183
48265
89956
92511
99835
46070
17971
65522
68891
48969
72274
68610
2149
12296
79706
56339
35347
52987
7720
30701
76519
53601
47724
6370
79526
13001
80844
74562
3753
71604
74593
59487
51630
89144
92738
56435
29845
16142
23915
9870
82462
70322
19758
4595
56907
54889
99372
95274
23156
38409
27909
52350
41286
24165
10160
80297
61032
490
32303
30955
29093
94884
43797
62873
62054
11859
15846
72941
96654
91186
62026
3977
63982
75524
6871
72973
68000
6547
18822
65164
54359
61101
10423
59340
60779
80829
33206
53904
61386
4465
71085
89278
96544
60716
39142
64274
19881
50823
1693
57397
94993
43283
48493
13252
21327
94125
52926
35026
91802
63201
12940
9395
61376
9476
11458
27890
76099
47458
57296
36970
54170
96824
26957
69059
15829
63545
84413
57610
38529
96673
9768
5310
15561
30194
85318
68838
58550
68702
9907
69800
60432
91813
79787
65489
29231
36205
23820
7537
39662
29442
35440
45964
38436
60728
9704
5929
68686
44079
19220
23000
75515
44313
20690
95530
30027
94852
96245
99444
62447
58326
2291
72695
42297
64565
84302
4781
70122
3614
89680
63390
1221
48414
873
67161
74501
89766
68740
14871
57075
57784
33983
14796
86356
4468
41634
5521
40584
93758
9062
99201
51997
67711
65858
8560
85408
78680
87123
75093
69994
6164
15667
89746
73737
39008
4937
74181
76230
24571
12046
75898
68754
72818
97279
58977
42847
4954
34161
81909
90429
53086
18048
66509
92590
95348
25499
69530
70177
77007
22162
6143
75949
58821
36678
34334
50654
94223
56017
81285
73470
59632
29544
8965
734
30993
48447
12400
44366
85622
27789
67859
28735
52935
73815
50485
33271
47286
55738
64684
77998
94139
53109
56329
8304
25086
41771
2966
36215
31393
13391
98355
12117
63653
7158
50914
4503
22104
67565
19413
99099
40634
87479
76964
74879
95872
54952
92026
38210
12285
37478
96104
18047
44014
30589
94263
27461
61714
14574
97828
96977
77376
71922
97616
85056
12716
83420
89732
89946
93527
11430
85280
19716
47530
64607
74746
3479
41452
4972
38509
2347
8749
91802
8484
19883
51770
1618
68793
90458
29399
92373
75171
82975
73157
39124
64071
34789
57392
72369
84637
516
65191
86420
58780
71166
6864
64176
58259
58400
51588
90643
61383
82459
96690
60969
39811
55949
82897
64754
57470
28918
91834
5226
68050
66337
79098
40700
83737
7960
80697
45340
15897
78995
47543
47144
11981
87879
79484
41265
53920
94901
64235
25057
96580
62838
4241
56696
48784
30765
5944
36316
86647
31805
56761
30051
20834
61282
32437
62040
13301
63540
99913
86289
82232
12823
68334
21616
22542
27025
41898
15867
4550
23084
36899
27134
63131
19850
92798
4056
83231
83781
60387
10412
13371
36106
80576
92528
94664
36103
8155
92682
81863
87565
15896
24691
77716
99715
61953
61435
18194
3190
92065
24469
33577
54094
70242
8076
50315
26029
20971
55068
98022
49555
18001
30378
14633
72204
5266
52914
84853
7625
16790
1963
20170
98173
80564
50021
18253
24696
96228
20146
48601
10534
53571
28139
37361
79570
44328
28580
3756
30377
13913
71457
76184
4738
46566
35131
10381
76770
74520
61664
59000
14107
27125
1975
66999
97377
92223
96454
86705
32458
73646
92380
74795
90260
94418
31392
79610
85281
30764
37906
87286
73156
25616
27864
38391
89382
95022
80391
61707
6872
63180
56910
15737
52370
69652
28665
2911
13470
9375
90045
61683
39891
34932
53677
10232
27727
20650
73989
76368
2579
49907
74347
21681
8822
8026
61266
16961
7345
25724
90072
71774
14222
7976
87060
90669
45413
86006
62997
13980
51148
50127
36677
80745
3806
57135
14641
57335
49010
67612
93610
79932
83747
21959
88048
56381
14447
70474
69126
67467
68373
62988
26650
82323
49728
32376
47590
25281
28211
4447
34879
48659
35741
27090
52072
40524
38690
79579
2390
92907
69840
33526
37747
65608
7541
76564
18257
31559
27532
31970
17756
83112
92493
99566
319
36281
663
93047
73170
74883
76142
82651
65899
18301
96258
88975
61533
89847
97171
24929
63497
39588
48694
73248
94695
45819
91492
12572
11561
89591
46082
6179
53352
88068
2694
34422
41704
13657
43812
3713
26579
70206
34966
1394
9857
18359
25325
12541
20415
43260
30258
8901
31563
67937
76696
38350
26743
42439
89918
40492
97518
60149
57079
17082
20511
54954
94360
30791
46006
95476
23824
43502
94403
29555
3423
84792
53847
28619
41005
77492
95841
93338
46455
19465
7701
6373
62969
71342
14736
57344
40622
10760
99827
96147
67014
18119
87948
57925
78252
85734
12413
5531
27575
16803
79090
44975
28154
46468
32887
60816
42214
3841
15632
66117
53845
85553
38693
80598
41811
49281
46883
84063
84725
6071
10205
21815
99167
30001
53457
66203
27193
92652
31472
242
6162
14213
73919
81796
81089
57792
93361
24941
33531
86784
89141
45508
44956
72687
96124
74703
59153
9751
35284
11368
34652
91240
81430
34889
62341
35005
9414
44838
13502
99718
21545
52987
99561
18627
42721
12993
84670
36180
29069
35458
17261
54431
77770
27583
73162
36433
13270
73633
81113
41344
30746
63497
24706
4217
30857
39436
88272
84095
61027
95667
65490
54982
72885
34347
52136
93156
60429
47061
94692
56171
13326
95558
85248
66475
37798
47739
87
79955
47455
24065
14048
45431
32756
7754
98258
23196
77486
73720
55554
3378
11373
14213
6729
75641
80037
78387
57568
57119
74298
65158
88726
25065
9828
47181
7671
52113
22482
53011
84547
64370
32986
17653
55923
64229
11083
14203
25316
81617
1956
25705
91051
60152
37802
52366
99013
63198
39162
37208
39928
42362
59260
19444
75941
25418
98952
17660
16598
89946
83223
91091
71007
61209
32823
98872
59596
19915
85357
54533
80882
91551
99893
67373
10911
10022
46956
95463
28789
94628
71547
80346
69121
27840
40472
65343
12156
45598
6217
4670
16523
18489
21198
82856
91607
24265
9792
31148
67348
95780
87767
88548
44965
99806
47168
54205
14433
42213
87220
46171
4984
59477
29398
19251
7830
40053
5495
38854
30416
60591
25828
48648
80776
28016
87139
52447
22441
53730
65632
21891
52983
80870
43729
85383
47084
77940
61719
43994
79614
15770
10852
12467
63818
81462
44115
55735
52113
13387
82168
52428
61067
97058
79619
71218
67391
8938
19394
59755
30253
13644
16266
22630
76076
54232
23440
50938
43287
83597
65061
31742
62762
17789
43093
86041
79047
96678
92016
56371
69077
90884
44972
89735
42159
83561
47623
4894
21876
75926
5429
33614
33395
49897
70295
29805
49274
69345
20566
91841
76289
40051
3421
9331
4508
33644
37607
38525
78219
15057
76366
80159
66493
97366
17813
7708
64863
8164
80596
87603
41778
91457
17104
70874
60322
97067
94240
92592
98994
10452
74964
20642
15277
12109
41729
47840
49333
85736
68672
87232
40521
58425
14367
9513
74995
9217
80326
70863
63116
2385
15222
58508
52306
87750
13335
79304
64569
63917
79927
60539
93709
62452
76941
49807
98277
52969
2444
74365
70499
32716
9414
26657
94035
44608
52405
53666
98999
97500
60502
11023
84254
64399
12646
11197
28624
97953
18774
47509
46796
71727
18201
69100
16717
36337
88839
25822
75239
913
98291
69446
16879
75702
9340
77442
62515
73635
28126
3772
1457
61874
16744
11128
99494
58359
26493
40878
44364
16239
81479
26306
8142
99709
19927
75680
71965
31911
90306
80039
92761
67571
70271
46097
73941
66041
98256
12961
25574
20723
11026
98959
91058
71220
62845
86078
47737
59752
13174
18422
95724
80786
80061
72653
65407
48631
91962
71606
51010
37681
85816
14721
33165
25103
92814
5897
38252
93866
22892
79778
90283
91629
19878
79515
55269
89054
52583
28629
22642
75893
87241
18327
3661
18855
3227
41809
15669
35421
29885
81022
12204
46184
49149
42490
24460
18022
34438
80803
61251
23929
75441
90667
99170
16325
78389
97024
90463
48929
59928
9334
52485
3245
55750
98150
10045
30081
2908
41503
35820
78883
32658
99230
14114
29331
6438
40241
20737
91429
61476
67301
6378
47703
16239
30237
80582
9915
94338
35679
86056
40565
72769
43460
58842
34964
90295
95544
38246
46620
7244
69496
43322
17655
49226
26280
77620
6193
3506
86952
7926
7072
23766
17662
65814
5890
44821
74121
27238
63381
80481
44261
8957
87420
67046
23318
88749
81997
69481
57448
83165
99134
17675
89675
47546
2653
80959
88971
26877
46680
54171
80799
81630
43545
7630
18563
31696
16573
57511
14075
34455
74239
12824
71096
5978
67233
17580
58031
83111
2183
45863
973
54280
53328
10554
89797
94976
24753
62402
74175
48835
1912
23742
4226
49718
81929
51068
34341
62424
40687
32737
98690
8586
53163
51693
65263
69207
48831
44234
25586
65391
14886
84074
63288
9157
75657
97190
19853
99367
63006
36105
75037
95698
9297
59304
92786
37109
77645
66792
99150
25692
21693
59679
3978
12541
66034
72359
35410
37544
36099
69637
34239
62867
81766
56362
7461
42584
91206
48930
68222
6701
65817
94972
50815
80319
14144
57542
77910
19331
82517
48989
30918
27842
30813
4704
88911
35588
38345
6439
1950
68142
36111
28553
8379
36630
83118
62355
5656
10952
9725
37945
9996
13325
17310
16593
67969
14691
46179
80615
22695
2948
52552
79598
88659
74525
69841
90763
91029
19007
65224
14218
84677
92690
18061
69345
7663
62845
55646
74529
73904
71819
99724
32475
96522
95996
52261
70993
43987
36131
98199
68823
50079
37926
98995
7013
27208
13415
72048
25596
15909
66988
76573
53347
70671
66460
12661
88071
94996
22611
64828
41831
25212
53817
37237
63606
71542
35771
25752
2241
23894
22773
21900
87922
57199
10628
24450
51414
45297
65204
77794
33578
50653
51419
25831
30498
29084
57323
76920
49075
16432
83878
79836
40230
89797
54921
28577
42031
90759
61252
79808
37526
25812
32190
29929
58274
1627
63873
35114
19199
6066
55736
20155
4360
46320
55602
14841
47771
10758
91615
34138
17921
32276
34466
58950
79694
29878
91484
38864
60142
97608
30897
14839
7298
22052
40567
85703
93740
66972
64424
8617
66310
16187
93660
68004
4622
40711
74618
40892
27204
76479
80774
57313
68826
6271
74852
69273
16310
11439
42456
89798
78736
90286
52642
83499
25358
35528
28446
2684
50647
19489
51134
14163
96970
60228
16272
59958
59772
33807
86482
84965
7742
23148
87054
63582
40551
47643
5436
96234
1684
83552
25872
22987
11011
7766
90256
57981
81199
6140
64490
91210
79869
72508
21181
64675
69626
33432
69260
64966
54199
70418
33487
28903
8276
20113
28333
2076
91591
31140
9535
434
66518
40665
36658
34759
82962
20196
99180
44322
13306
28019
36611
6467
96229
14817
12507
17362
85031
42854
85668
79803
33519
25566
21962
84946
66805
24354
85300
78259
95147
73492
25007
97186
55073
31438
94175
65686
7354
25888
93271
78411
83364
80602
27836
75959
35989
63419
8715
18707
37032
52805
66149
77403
3046
78486
55766
69205
85005
86241
63691
48046
38386
71618
31332
89715
84396
72052
90441
43826
14676
63080
16585
25541
31582
18242
47329
32298
54184
5856
94161
79162
88779
42511
98040
86008
82651
15567
67059
77774
11597
46846
72432
83509
39125
45204
25687
46917
17315
39948
75871
65787
22263
33671
84062
87442
79185
86203
84902
40213
86497
6176
39266
83621
6279
89972
71095
53809
77472
7495
68628
89020
47083
77143
17370
62937
66
9974
85337
12139
74856
9231
13920
59183
22727
66017
8009
62813
78786
65269
4144
69905
29434
6293
97089
1196
30075
2478
85432
13134
7003
65367
45734
82250
5247
29568
95032
20135
27931
13507
52374
35003
49869
63230
13302
26764
89253
66749
46947
8369
77788
80712
60487
83204
74039
24503
35223
70737
35403
24743
25400
49956
63489
57122
84714
93044
7297
6094
87619
86207
56217
98161
78580
93391
16330
85766
89792
81099
39580
30311
29213
20035
56085
22338
2419
99400
68918
92688
32052
422
11547
85321
48153
98090
87432
70225
51191
26494
58589
46593
95570
81256
18650
16177
33565
50435
78875
60114
37505
22706
80491
59006
17176
4611
29147
84333
70488
77313
6213
59124
44270
47824
88961
5755
82613
50487
20354
58127
69276
58743
19338
23594
36313
11665
30895
55412
18653
20723
81761
36649
98659
70240
3930
8154
42834
30140
13857
8816
42533
62353
63134
4489
14377
50276
40804
47263
86569
20905
82105
31671
44738
31634
64710
62308
80036
34535
35292
50463
80666
65715
31590
91044
44536
13637
19546
88420
49991
51705
89661
34502
95226
75595
78640
72001
8431
12928
71114
72269
91559
33029
77319
75104
46191
71593
98281
45968
34931
36805
65791
91223
19349
81720
42787
76056
99529
86588
46034
15845
53496
78938
568
90591
96833
53207
34926
87761
8871
33207
3328
78299
60154
11717
21240
5782
95071
30274
68688
22953
89221
81416
53121
8898
43966
56586
55392
18479
97299
12273
98824
93778
49819
22080
7374
55608
44394
54565
92942
85855
4885
72684
6759
200
9508
78094
16357
59945
52586
89458
48893
58037
47384
36466
70916
88319
51745
16314
72286
26197
87261
69174
20229
45820
3953
27085
84369
53787
71872
76638
92226
50384
34089
51879
17373
96286
61502
74202
50413
24345
55121
91001
47442
65932
66480
85332
70280
91120
32388
18803
50329
95405
95905
18979
65753
43667
254
79331
32203
24289
5729
67127
74811
32183
81992
30969
91208
74497
66352
33465
94947
10484
38683
78513
73819
4144
62808
19059
75088
48525
74988
51151
7722
52350
29746
6992
45848
39996
67969
28502
69441
50380
53702
6230
25799
49166
51734
4298
35640
13477
86765
38729
88705
95669
51723
75549
98026
80286
79212
38881
52294
95792
44585
67033
6280
94361
45932
38486
73673
72658
10
57161
41862
49973
39666
49539
86922
60571
72835
29681
9656
87237
23658
25622
49960
25432
24809
31612
34410
88226
97244
67820
15700
7209
27064
854
60406
54428
9388
76434
60684
19157
81743
12643
34327
90416
88346
55976
19065
67442
94026
41823
49737
56669
72808
32359
14060
2595
94150
4295
12743
80459
76687
92679
64420
38433
27518
47232
57695
66387
89246
47805
61071
46892
22210
79508
30422
88345
93472
17827
85157
2828
10249
36160
26924
53666
21373
38795
44917
71264
31025
15119
75748
94805
30260
57805
58292
60785
5569
27148
77690
45363
40138
87127
38769
21996
43866
85298
18134
83623
71340
2305
42881
60231
422
22550
78498
21561
82723
27829
1000
72921
42207
12152
84912
45054
69477
7480
6274
25715
70843
98042
29870
22117
32305
73399
77128
49530
45170
70141
85311
8781
12476
62506
41499
89417
97623
54036
27421
23659
80293
68510
38511
69768
79954
22241
10052
83158
96135
48445
11675
14317
52904
44237
79171
5111
19995
27442
91795
70934
27069
98120
70308
28158
9357
2813
99033
66318
2515
8499
67738
81366
21375
50858
2540
92951
25913
7363
29000
83575
84702
86122
86032
91677
64683
81724
46103
66865
84227
37677
29897
8539
53919
99030
15413
75939
86733
57658
66202
4053
84460
39886
92782
87251
97457
14386
17435
12004
48612
89846
72329
39715
21263
72064
58028
56907
89523
32518
95923
97149
48377
33876
20013
33550
47354
28940
3039
30419
16009
34743
298
29408
55542
36077
40377
82576
34740
96111
30892
1815
92656
26601
79171
74703
98785
86067
76578
20414
76653
39997
22925
94456
81006
15818
72397
83718
37883
78279
47922
47808
98214
97144
82152
46769
63856
79768
58748
11064
47795
79309
87649
36095
24303
13388
31967
53502
85547
8982
24845
39284
89406
30691
10338
18037
49885
12108
34537
54273
71380
87011
6705
18910
96138
77618
1832
70107
41369
53881
81698
92199
42182
68475
2321
80939
32574
32760
95000
11407
55215
44962
99218
5301
86679
93002
26487
75332
37490
10306
59691
84195
67074
20785
75820
66694
81787
56302
23388
95358
87344
65499
99124
76619
76619
22556
97911
1198
62119
53657
32446
33374
17448
59774
87050
89663
4426
87397
4023
92944
16395
64272
95520
17871
21310
18368
59564
69195
39817
26121
89079
7691
81881
39438
27553
1443
60217
79519
12078
86339
59079
91830
2401
69959
72675
41397
60473
1593
55379
85493
49041
28714
76107
17837
92869
23406
98076
48250
17303
2017
43614
95287
28580
84850
26547
93154
44873
42465
40583
74848
92663
19138
78964
33769
1494
34117
77119
70824
24417
69531
83204
10721
58050
61689
22205
48746
91699
3916
14867
25803
23379
2270
53781
66048
44115
79911
27274
92217
41417
93081
23410
8582
14394
7367
59405
1431
72317
75366
19025
36372
96010
28352
46255
15666
32038
87819
45124
14333
98191
56439
42282
90958
32467
85272
76256
79977
78959
45704
28231
85590
72889
31185
41136
31323
62732
91081
58444
66327
18162
58829
78379
38452
71339
96940
24164
66813
47006
56414
81747
85795
89611
98391
40394
57665
28144
5299
23870
33943
41858
63313
17504
52851
17238
31958
31131
36036
39591
91967
85236
20017
20021
57908
33091
85658
30466
28122
46337
74560
18448
49012
7879
47935
31661
74219
39556
8156
29560
52012
3896
333
76889
50759
73204
52225
67038
29802
13934
90082
22930
16202
94520
15011
51239
81672
5060
40246
2699
45322
44603
33613
5031
49153
69677
7525
51736
45515
70504
96567
72706
66757
84200
79306
73706
66520
37442
4213
69769
79185
38456
7975
90349
18933
45523
48053
80433
24521
27004
84462
59225
28702
10448
14768
8338
30150
66072
86571
82936
22620
79968
45331
22065
17563
27692
52168
28539
86365
48554
94115
5837
6760
1076
46716
91411
48317
35253
40524
5748
40852
1915
58011
15759
54547
15231
16981
93275
77545
64940
39230
12589
20543
23248
97488
26572
41982
28527
68343
30121
13670
59342
69546
11207
15385
9928
6288
6208
63898
77908
46890
5469
97220
53095
25212
11145
21149
25929
12468
73825
68413
48309
46269
93358
5623
3740
88884
89697
11194
87982
82280
87410
37032
25271
51376
74653
39671
25898
6365
44821
91313
73377
81000
80899
32027
88741
738
56662
7981
88273
8541
82174
40197
93199
93172
96358
66956
48966
85703
73954
37170
96924
62075
48311
92911
35400
58033
91032
8442
10097
96232
20989
36365
99850
65290
12244
32201
58187
71784
98847
84770
12913
19286
72867
96529
73440
71751
79791
9420
22035
46938
3378
13849
6326
60055
54212
7430
5824
42793
55020
18716
36743
54336
56999
60217
90572
87423
41067
66684
27154
66703
48753
34553
22889
98024
14274
46547
7442
2231
36179
38642
53685
35779
36397
85231
51415
53083
78040
7341
74257
69146
14847
72966
42669
87676
21090
99063
28001
75801
93905
3021
74168
31865
59063
97475
20101
68057
41194
83960
24444
78620
9150
59711
7578
40609
30930
32532
99539
23418
39253
43532
94491
94054
63263
12338
55488
38342
16252
85262
67270
64161
50685
3083
42159
63786
67556
76627
15558
59962
95729
67309
29829
52296
57134
63288
59974
86354
74891
81486
53638
70654
7440
46713
46961
72798
45503
36863
18107
61423
95479
48559
99428
32908
81789
73281
68842
18258
96056
91707
92659
37588
63206
77292
54503
39215
83908
71015
52841
34871
17525
92478
9408
56080
40518
48882
80011
9004
11402
11624
84547
91139
59624
23547
49046
521
3586
73410
77858
76063
81479
82230
55355
40072
93664
9872
59152
64029
11324
56317
31281
31448
58850
79427
16487
21237
99242
16611
80435
22571
57633
40692
92194
57009
86048
93968
68846
91673
74173
35997
3478
14751
13240
17161
64291
77883
27493
26858
52956
92783
45276
7106
96913
40838
80878
6497
8971
97718
85118
45300
52034
43951
6546
8168
52023
22548
14242
98236
47825
14401
99805
55783
70149
81530
99233
99822
27675
4774
20398
57436
2700
78305
52502
25599
59868
49921
65013
69552
15423
30050
44557
42643
83036
50434
56512
98881
36644
60464
82605
15477
86096
79869
27233
86093
21569
73778
53886
36168
68033
39430
55008
29472
12670
58515
31215
57788
76381
12136
23696
67452
54705
50328
96504
59302
97021
26385
58748
16243
98210
95226
57079
41847
99076
86688
5834
94335
79844
14738
99760
12743
10270
99577
58695
30835
83103
39633
42592
409
62647
85407
25669
37336
1724
58915
67071
40587
46186
18741
97724
16661
6198
37155
99812
97257
37034
29141
93729
8150
47904
12480
89106
85140
95928
11119
46252
48215
61964
23708
50464
70405
18539
95965
54297
82293
98582
30977
69020
37660
18201
55756
47031
5350
15738
4009
60568
70695
10403
53103
40852
24138
4270
60196
32076
67225
12178
83671
34039
69862
91722
14400
29693
42050
76341
79557
28338
15443
8898
23551
8570
33461
49725
3699
45462
67884
63672
40689
81767
74371
60419
98881
52777
29439
28778
3604
8917
83075
11284
51532
6745
71750
72019
18346
29898
99915
72225
17450
34459
75850
41984
32552
91425
80157
11619
65525
67222
96805
40321
90789
49841
48900
68823
90019
43749
33406
2689
18697
8066
73873
21424
73019
27757
66709
58708
91410
95642
22222
59893
32246
79900
73622
20920
24742
67659
53060
46307
57082
24256
69324
51778
80760
58377
29992
67549
83993
4399
31178
73332
48422
50790
72000
59801
32351
66527
23702
49900
9319
78655
35136
97143
97384
49000
43695
23882
98666
15590
76516
81903
33136
29945
30947
81232
51803
3612
6576
33774
14111
58807
58168
34447
3050
78058
34444
8355
75564
74583
59039
28578
83007
73299
54314
89686
54702
25967
7220
94892
86641
12855
71362
77701
13000
67073
89241
18642
83453
7374
88944
77014
96194
50147
65226
31639
45093
64714
4958
24381
71892
48962
16321
95175
56735
31794
5979
64336
86149
32117
2542
87176
42270
3171
9730
85258
98714
52719
38887
27353
10139
28466
95086
51423
18289
94038
36711
48080
18492
20248
28031
84386
42093
75879
59225
52275
27723
17481
14499
80867
59797
68557
50195
23673
72929
47009
74657
96512
98833
52253
63137
91505
14650
34806
59765
56400
5454
99076
32378
32062
19718
56586
28631
2473
67070
94497
48705
31456
93335
52710
76442
80819
88977
89835
48683
38443
29227
4264
1698
32338
58994
51980
97150
74208
27186
40210
32449
46753
28593
6632
25746
22819
71492
28186
23098
99676
63357
72760
78626
35830
29616
70182
61402
33523
74274
83340
74266
9925
49065
66295
74397
95926
21146
94969
55455
43739
12689
707
77669
81644
91281
60710
17174
50923
99694
30520
87875
34098
15322
68102
99903
35449
60728
18120
26791
9907
2795
45241
5980
50807
33524
47382
4430
3196
4782
7577
2484
52000
30120
43512
78686
13639
76209
90322
77541
59420
81504
92321
69211
56199
41117
3709
78035
63585
31204
32153
50194
76265
98938
85400
74820
91446
98789
70410
2076
465
42753
87000
83168
38671
43834
14109
25265
39507
50905
34205
46910
60492
75313
4726
77913
83281
68682
54423
4486
12901
75297
68902
75425
86482
61269
78412
73168
51119
59767
51282
38347
16018
95186
40469
55459
96356
35121
43564
82889
87115
75009
41447
90037
19213
33023
19004
14456
69341
24240
37449
83116
63756
21792
82235
19067
46934
51480
51072
37674
19001
17316
95113
5981
49462
32895
67103
82908
92497
34240
6510
52316
74691
21228
16473
53643
90155
91415
22999
2225
9201
52330
3524
58108
83746
52878
49619
86686
73598
44664
52310
51707
4441
12764
89276
83270
30179
91951
75530
1473
43658
32367
20296
18925
31285
34829
62943
27942
91183
79265
69143
4029
39206
86037
73600
57813
51993
89115
17096
62139
63675
37868
21054
77014
22342
89941
46943
89419
76185
17277
32816
3065
85035
78645
24061
69645
62351
30162
37698
8439
12896
98992
4682
57439
8831
79810
20747
10896
29669
86310
62620
35143
9501
71454
84899
48669
93749
52772
45726
39240
74469
83940
43133
48561
50171
79189
12282
64028
14154
33563
17228
87857
48695
91430
64971
35602
86827
11769
69479
93699
78574
64326
16439
28619
49989
8416
6907
87769
29615
47687
84195
14247
55209
11125
34540
73707
98795
79950
3693
3680
97397
10236
36814
94995
89281
75743
69749
91047
46844
18542
53300
22703
24812
40428
84034
1116
25423
97489
52963
94819
90821
70679
1663
31534
6328
88765
9213
82047
43155
87053
25101
37007
61627
99426
59959
81511
93810
52364
21011
72593
90600
83529
33785
72668
66954
18246
64339
69073
12228
67726
97940
60404
25730
55125
13841
63283
80169
14564
58471
2219
86175
17812
70699
74163
32041
6085
47046
92364
56299
51453
64883
2453
26945
20436
81159
70136
23600
88821
57673
12889
16301
20080
8858
45664
89075
3934
58246
47635
46124
74615
53487
81635
70062
48316
86881
44761
34123
56683
31531
30247
41520
18787
46970
14400
52676
16459
34092
30656
99819
28209
79917
44305
54006
16073
67629
83632
81601
88857
19993
58138
68382
34094
44286
51308
98553
69747
31969
42814
95328
33969
86221
7400
24629
3773
18650
1330
62967
32038
20816
51276
77008
73473
83167
8670
37358
4920
78050
84548
29012
92268
66179
88355
73169
94918
42966
70677
69901
1170
26685
31758
77859
13045
9628
53893
7920
91427
87754
29617
56135
91057
3365
40660
42405
18477
85857
56525
65027
60155
58466
3530
77739
5541
96834
7931
93917
44078
81283
7291
12862
75807
54211
37642
2032
16794
24765
22274
59290
82805
39022
55566
60048
18090
42242
1367
52080
61833
61792
9076
43266
56851
27031
35993
16043
50670
5826
66389
3273
22580
30810
46882
30760
66702
29593
46394
7862
26742
26939
79494
42098
94495
38478
94643
86008
46774
94062
50661
91716
60973
55556
95547
64950
89457
19540
50117
10149
46609
66419
60336
86403
18149
41093
46851
7711
48210
97942
25192
30046
69212
8559
54856
9399
63409
25757
85083
89580
12958
9023
26387
91907
86856
21625
94568
61980
3813
63068
93187
90172
71354
47901
6555
69240
75131
25755
73309
2528
64413
53100
25042
37123
12028
59511
2102
58670
84397
3817
21266
98243
4814
27686
21909
19468
50485
79926
69053
35084
714
28557
25198
72432
17893
90178
68472
96497
87912
62170
84073
96157
85005
37782
52269
70878
58308
49748
58801
8462
98356
68348
80506
70962
58346
64326
20206
52101
44800
86490
34561
38117
14533
91453
6810
36658
82915
48554
2099
3086
58703
31089
75388
94677
9756
84138
55362
76690
29319
59399
56032
23837
7606
80859
83145
78108
98014
43981
75655
79377
51660
70025
5219
96949
6699
13723
69431
81342
63870
86132
8837
97667
62529
13027
16801
82986
29917
59582
80658
10415
6806
43108
24111
76887
35353
5035
37659
42024
56797
77121
10735
67135
61154
90143
56040
23212
63223
40099
99991
68144
18733
60982
71149
69611
16018
38019
7633
11635
59398
88984
89642
97269
59672
40380
4215
31837
76749
50247
4154
70436
20925
16723
90317
42705
61342
48934
54580
71214
36739
88572
57736
2223
62861
17471
94878
70533
16083
95931
42593
45337
82512
68083
84983
5655
4422
35554
49805
77502
96305
338
7850
17607
45568
17934
31705
25641
64304
31641
30233
3571
55560
25065
24255
15924
48819
6311
79375
61796
31810
43174
77300
17678
83312
98551
89649
34156
92168
64936
49408
35831
94564
31233
83628
2931
47855
9578
52661
2273
68973
97190
48811
80847
34431
46716
49657
57933
32245
12630
5483
61308
4498
25993
61749
75791
24462
52269
67681
63841
46874
19944
72861
84284
59218
36180
81719
10464
99609
31905
91452
14834
75347
92255
48019
443
85334
10681
31635
60489
45207
78055
47631
82496
68791
55513
94573
88226
79233
82542
7043
95761
85236
66221
36522
4120
45027
28784
89280
394
12178
74367
90697
50425
82533
76001
60249
91650
93363
7307
29259
73082
74233
85285
93753
46821
27134
40318
25430
33799
89138
78432
62324
72556
32347
72418
7002
23461
21249
35258
20839
36335
89381
96396
40727
47035
68997
99364
87270
37452
94981
3549
39151
92456
56404
85788
85019
77514
73986
34303
14320
60341
7268
95578
42320
76879
43303
66824
58852
1813
54079
54658
58608
24026
10048
46811
79108
62209
30033
32580
16897
65450
83272
49800
30278
3425
37081
40536
14494
2695
17893
41740
71478
44234
85010
71464
94085
38238
97460
79122
85969
87112
35993
39967
74473
93640
88132
20011
71600
41708
19741
16841
39527
51190
71683
79893
48099
14139
48836
34542
12333
17653
96811
81408
63102
1420
864
88366
56007
17986
72802
36172
68358
78097
72709
14342
65288
96768
7511
5401
12445
88669
74804
86000
71052
27309
1038
59662
59168
32407
64091
77832
54404
13204
52386
81650
68222
2323
29321
30305
41810
75121
99536
73302
69910
79701
97483
32601
32937
55070
55394
68239
92374
49798
47434
56360
24764
26566
24943
67177
62041
44858
66538
75674
15881
64049
97489
86347
44529
44047
72468
70055
64392
99880
30108
39538
23754
89042
65442
15450
74418
76025
95858
52904
3608
87224
35201
1580
93685
47916
56092
98639
85913
26327
4877
16041
98089
93085
85048
204
74660
31964
4940
83559
71037
55901
75536
55301
3607
86531
37924
6217
30521
87462
50872
12609
97384
86107
50479
8152
12579
37735
79315
12198
93724
58833
4261
75827
55041
31995
44537
39657
99174
87369
88105
57281
75992
27525
63962
28200
7927
78549
20909
66440
81609
45539
16730
53470
73208
58161
71357
16648
36684
18910
43550
87191
50658
96963
85484
88979
37129
98546
60007
90269
27369
7497
61015
94655
3429
28227
89419
83311
24702
20801
64609
64684
15573
27353
85581
56060
19979
55870
53803
83671
88542
8454
5117
76038
23651
40125
52682
93162
51126
81844
64279
90868
60420
68758
38355
50983
21238
24243
88780
29388
7653
82624
98319
5166
93963
30818
89180
43155
50264
40995
11851
75152
69902
44493
87349
77364
17386
41054
16965
38758
40116
36424
46155
56073
48235
14729
60784
53764
97772
69677
94234
4776
21121
35009
77788
70242
28873
53165
63234
29844
2691
68904
15746
46720
33585
51371
25916
93880
87670
99301
86726
8917
8208
77557
33568
73641
36948
32886
24277
99543
29359
35088
57413
60376
96285
29391
46547
86961
16727
13718
77935
76501
85037
73746
78200
72040
47076
71700
61095
189
85210
72306
13045
46236
13966
79689
54351
52211
15052
35236
69562
11920
30385
59061
28081
18245
71103
103
63390
990
44235
95323
5481
50535
63691
96837
3600
39156
26535
18310
26738
27027
35088
56801
40763
5069
18126
70218
96175
76246
88451
20435
11914
49486
52981
78119
19377
94902
46957
81474
2595
36316
30424
42935
89901
77780
73491
82910
20818
39097
99122
61640
61621
95762
33131
80982
75432
3526
82671
74113
84520
74187
52783
33643
63142
4795
73123
51134
81714
14795
88691
52856
26510
70602
94853
79647
11232
84456
3277
60945
96075
36265
84638
30877
87915
22529
91105
77601
76094
33177
12121
11192
85514
55606
14088
55573
53993
84039
28707
1215
47862
12828
36718
23708
22468
89682
24062
14595
92145
5461
24258
55982
77158
92249
59519
23307
39721
45419
53618
22819
36032
15405
41075
11434
79463
31084
17411
14056
46285
38102
40336
86073
79596
95861
27434
33013
88681
85594
994
65480
51677
6246
79097
94950
74455
57701
97404
7810
15951
11596
60158
21663
62414
36792
42671
99121
56188
33569
98070
49049
61340
97842
35190
1713
58065
15810
42540
18497
4926
18366
10701
6939
81536
33882
61885
4968
89180
3713
8167
47181
90115
85888
18675
40737
29942
3996
89757
83102
67672
68610
57592
51992
43377
96931
91412
1429
52747
8908
33546
5853
72716
85029
48561
2727
34452
87314
82779
37391
90336
99506
21513
53415
81029
97209
41861
89044
85130
69733
91740
70654
39022
89259
10742
17688
65921
97497
5335
6031
87012
26639
46646
13878
22057
37982
63508
68209
20535
86170
54762
81901
23182
90525
30566
24530
75978
32358
54983
43706
18086
82974
66958
36191
17720
22475
96602
91365
63772
6858
15653
9097
95547
1339
35775
8004
50151
54939
9545
92840
77671
88282
72325
49230
43101
78709
86644
60482
79754
47879
54032
19034
85895
29106
23927
41675
75200
13206
87434
63467
34696
8824
20710
53702
70575
37407
54426
40696
91523
66745
33246
91900
73926
70035
80116
71150
19893
93098
65664
17999
51369
24558
83804
1192
68098
23343
64916
85441
4729
80863
8479
68117
22176
58333
12351
49508
88211
62916
60445
86287
27568
12149
65955
18824
71200
5998
24448
83892
7142
45207
72629
72124
28063
41387
19884
9731
79501
23615
49739
9784
12078
52371
77323
2930
50524
10540
45245
48020
59233
40232
4267
27096
56478
96733
93129
24532
1617
44880
14809
98823
4904
73072
87467
30004
40405
16782
50008
41336
58935
9048
67792
3844
47580
20604
27829
43100
2970
95911
33078
28148
11798
11651
33732
30547
9620
50953
80338
86146
65073
38761
92045
87663
75494
39226
57413
74166
62399
77392
36824
35684
44940
88142
55938
70695
95617
57553
18757
37307
8887
75956
12034
5927
67040
34586
75688
51878
49704
89241
46652
73426
39311
85161
41969
73763
69939
51288
30563
35764
16259
53775
60904
92568
49978
6952
21785
20969
67674
36017
2231
60580
76355
39739
13861
46263
621
46323
44925
34063
80940
22943
51728
64744
99471
13148
4170
9957
10755
34445
15850
54452
81740
16901
48754
36785
85180
14343
58421
46234
21546
18992
13416
13277
35005
87524
14496
27989
97695
78260
52804
26888
63797
41542
89519
94033
81051
96122
57339
37164
75910
89556
39951
74086
6613
62685
82483
86262
69430
6863
29068
88366
80793
83118
75958
68375
65650
32548
77142
78246
49536
3750
18658
32456
53022
14040
41926
49833
17619
502
1584
51585
10058
36927
7249
70863
67637
92494
99177
19944
68248
67966
1718
94599
31730
13179
22121
42408
23045
74988
63963
55916
29754
42349
94733
19616
14844
24397
10480
34269
3477
52579
45624
16305
46721
3253
11338
7161
48480
20896
63649
25716
15892
98303
96892
21286
65078
46186
87786
58978
72584
97844
75854
14569
89360
41104
44240
61800
12861
466
16918
46784
36572
78909
61604
50569
91029
24442
25553
38576
63486
61140
8801
5932
89484
64862
5504
42307
99931
95841
67265
81524
55976
92376
29756
76244
85292
9554
78104
26841
43958
62265
39033
7654
89186
10182
63034
44033
45604
98493
35
57415
73200
235
29288
10497
79776
78237
9746
7078
55392
29501
63890
23986
96602
89542
10733
1299
45618
93418
22613
13354
67615
1583
38986
70555
55637
8243
20326
23648
43738
86545
87535
78450
47179
63402
47629
88997
44211
34823
63604
79437
67472
33781
32676
87174
40831
83899
12822
57326
96885
18510
82607
25241
64009
57842
53356
99844
35072
4696
67005
17850
48095
23762
18014
82183
85978
59440
69624
40342
61437
52950
30350
66255
73564
38029
17351
6960
29703
63156
5140
35443
14270
97025
3621
47946
17856
21649
17396
99364
49267
93074
56068
55741
4304
72108
55286
38762
89125
39425
86023
64374
7008
5541
55224
11920
72292
25490
71007
30227
56608
14914
5830
35937
10125
19853
35427
92082
37790
98743
60422
89935
59969
9177
26794
87744
9005
13653
20468
5698
41175
27191
23270
95249
29262
96891
99293
37489
34978
20534
34715
76751
25988
79710
20307
30442
12586
26962
93734
25668
77903
76951
3688
48517
22475
56857
95627
41020
74801
73702
27438
68681
58398
14945
4379
83316
2313
87945
81071
11607
9123
20519
65368
10508
32639
42057
53792
26416
72048
72912
98893
10179
14522
98164
63893
67025
43131
13984
73154
67090
55875
98224
85304
889
17856
92018
31040
23416
26995
49412
65925
67570
93270
47644
67
95770
14604
96060
49109
75633
30741
81531
17907
80937
25093
42655
67270
6956
42014
8472
94749
87491
39646
90782
15960
36580
14931
12825
63866
13549
25961
26551
466
18959
77083
64684
57031
6786
90847
38537
49523
38480
22654
76306
49676
77263
69868
71818
84500
25454
25857
79058
15851
32849
94803
50491
5829
92284
37313
50666
64397
44797
719
6041
11810
27620
88535
38770
37918
50498
39752
62606
8796
72649
18123
18617
86643
91238
63003
20983
3046
70323
17662
49009
11101
56315
81167
25234
40727
25021
68213
42115
10033
66237
353
30394
3422
98636
90595
99651
3934
45375
32349
2291
47463
52216
18811
40145
10929
25963
3360
44940
52067
21286
75655
12743
57401
96474
4072
29144
19623
2269
31140
34869
23212
14379
9931
10423
34496
64371
57973
64211
22324
89673
8022
21960
57343
30382
50276
82717
3024
80734
47431
17614
14781
63535
13990
99642
99093
90055
59970
57257
56056
13458
73898
25890
73939
34417
95941
46352
99925
46644
23312
80966
55212